demanda,regulacionAbajo,fecha,ace,frecuencia,intercambioSur,intercambioNorte,primaria,regulacionArriba
1306.317,-64.000,2026-06-18 00:00:00.0,-2.352,59.990,210.351,-161.690,191.865,72.000
1290.817,-41.000,2026-06-18 00:15:00.0,9.054,60.030,192.283,-137.530,199.353,95.000
1274.516,-33.000,2026-06-18 00:30:00.0,-0.790,60.000,192.786,-134.263,210.972,115.000
1258.396,-79.000,2026-06-18 00:45:00.0,5.309,60.020,214.050,-171.027,146.184,57.000
1242.193,-59.000,2026-06-18 01:00:00.0,0.000,59.980,198.096,-147.802,164.295,77.000
1238.294,-41.000,2026-06-18 01:15:00.0,-0.974,60.010,198.247,-139.982,184.599,95.000
1221.478,-37.000,2026-06-18 01:30:00.0,-0.595,60.020,198.667,-137.881,190.880,127.000
1215.073,-68.000,2026-06-18 01:45:00.0,1.155,60.000,199.986,-155.971,160.229,96.000
1203.675,-61.000,2026-06-18 02:00:00.0,0.136,60.000,193.147,-146.168,166.200,103.000
1203.586,-51.000,2026-06-18 02:15:00.0,5.582,60.030,197.092,-135.896,176.065,113.000
1195.886,-54.000,2026-06-18 02:30:00.0,0.562,60.010,207.795,-169.160,176.768,110.000
1180.891,-52.000,2026-06-18 02:45:00.0,-0.952,59.980,192.936,-142.083,172.166,84.000
1180.918,-56.000,2026-06-18 03:00:00.0,-2.557,59.990,196.531,-154.688,168.752,80.000
1186.289,-67.000,2026-06-18 03:15:00.0,0.000,60.000,191.279,-148.851,157.975,69.000
1186.647,-70.000,2026-06-18 03:30:00.0,0.000,60.010,176.632,-144.184,153.106,66.000
1194.898,-80.000,2026-06-18 03:45:00.0,1.467,60.010,204.013,-165.425,143.468,56.000
1198.707,-76.000,2026-06-18 04:00:00.0,0.287,59.990,193.206,-161.106,148.122,60.000
1241.311,-67.000,2026-06-18 04:15:00.0,0.000,60.020,199.905,-141.032,138.832,41.000
1264.599,-43.000,2026-06-18 04:30:00.0,0.000,59.990,200.464,-159.823,203.912,65.000
1302.412,-34.000,2026-06-18 04:45:00.0,0.000,60.000,202.847,-146.051,228.877,107.000
1346.271,-72.000,2026-06-18 05:00:00.0,4.477,60.030,207.981,-178.380,176.749,49.000
1408.989,-66.000,2026-06-18 05:15:00.0,-8.357,59.980,213.560,-199.971,153.748,51.000
1428.447,-57.000,2026-06-18 05:30:00.0,0.000,60.040,197.781,-179.197,164.218,60.000
1470.871,-81.000,2026-06-18 05:45:00.0,-6.308,59.980,207.888,-185.617,139.271,64.000
1502.508,-40.000,2026-06-18 06:00:00.0,7.388,60.030,193.404,-159.589,199.665,105.000
1578.173,-43.000,2026-06-18 06:15:00.0,0.000,60.010,190.007,-135.897,179.474,93.000
1560.703,-72.000,2026-06-18 06:30:00.0,0.000,59.980,199.742,-145.584,217.008,130.000
1534.901,-57.000,2026-06-18 06:45:00.0,-1.872,60.000,208.996,-158.772,273.955,45.000
1531.154,-42.000,2026-06-18 07:00:00.0,-0.197,59.960,205.740,-149.785,292.760,60.000
1598.034,-109.000,2026-06-18 07:15:00.0,0.000,60.000,213.362,-171.144,233.438,77.000
1631.559,-81.000,2026-06-18 07:30:00.0,8.224,60.020,193.789,-151.186,235.033,75.000
1632.455,-71.000,2026-06-18 07:45:00.0,0.943,60.020,202.087,-149.902,245.606,105.000
1633.146,-88.000,2026-06-18 08:00:00.0,-15.692,59.990,201.562,-141.732,220.767,60.000
1678.039,-93.000,2026-06-18 08:15:00.0,-7.058,60.020,192.190,-127.026,214.616,85.000
1682.511,-63.000,2026-06-18 08:30:00.0,2.288,60.020,196.952,-146.285,242.425,115.000
1715.773,-48.000,2026-06-18 08:45:00.0,0.000,60.000,194.769,-137.997,230.165,86.000
1737.998,-90.000,2026-06-18 09:00:00.0,-1.790,60.000,213.887,-161.924,220.599,88.000
1739.249,-69.000,2026-06-18 09:15:00.0,-2.546,59.980,190.300,-140.448,273.067,109.000
1763.344,-87.000,2026-06-18 09:30:00.0,-0.482,59.980,200.220,-139.515,244.539,91.000
1784.529,-36.000,2026-06-18 09:45:00.0,-0.119,59.980,197.383,-164.491,195.350,64.000
1790.786,-59.000,2026-06-18 10:00:00.0,-1.109,59.990,202.717,-179.314,263.250,75.000
1825.565,-93.000,2026-06-18 10:15:00.0,2.284,60.020,205.238,-202.557,207.401,71.000
1853.477,-93.000,2026-06-18 10:30:00.0,0.000,60.000,188.058,-182.582,152.279,57.000
1872.471,-85.000,2026-06-18 10:45:00.0,1.062,60.010,217.913,-211.322,131.140,55.000
1887.735,-59.000,2026-06-18 11:00:00.0,3.559,60.000,196.193,-205.241,185.566,81.000
1905.214,-98.000,2026-06-18 11:15:00.0,0.000,60.000,198.924,-197.754,156.738,42.000
1924.641,-89.000,2026-06-18 11:30:00.0,4.211,60.010,195.972,-199.050,131.246,73.000
1935.694,-54.000,2026-06-18 11:45:00.0,2.204,60.010,182.292,-193.669,127.423,68.000
1940.151,-72.000,2026-06-18 12:00:00.0,0.000,59.990,188.327,-205.703,137.505,78.000
1935.733,-73.000,2026-06-18 12:15:00.0,0.000,59.970,201.702,-210.505,163.663,105.000
1917.060,-73.000,2026-06-18 12:30:00.0,6.782,60.030,194.699,-202.785,235.584,113.000
1899.146,-37.000,2026-06-18 12:45:00.0,0.000,60.000,195.224,-196.599,117.757,84.000
1934.086,-42.000,2026-06-18 13:00:00.0,1.584,59.990,216.279,-210.604,133.673,79.000
1939.550,-63.000,2026-06-18 13:15:00.0,4.752,59.960,192.972,-167.176,168.384,82.000
1941.475,-52.000,2026-06-18 13:30:00.0,0.322,60.000,190.159,-148.502,182.802,93.000
1939.048,-91.000,2026-06-18 13:45:00.0,9.049,60.000,190.696,-149.552,196.286,51.000
1914.904,-49.000,2026-06-18 14:00:00.0,9.965,60.010,205.856,-162.974,234.968,54.000
1930.919,-82.000,2026-06-18 14:15:00.0,-1.976,59.950,194.104,-163.325,203.445,36.000
1914.310,-37.000,2026-06-18 14:30:00.0,0.000,60.020,200.232,-154.454,235.573,81.000
1908.855,-53.000,2026-06-18 14:45:00.0,-2.650,59.990,196.461,-137.764,220.411,85.000
1891.217,-49.000,2026-06-18 15:00:00.0,2.027,59.990,207.794,-179.313,254.635,69.000
1879.987,-49.000,2026-06-18 15:15:00.0,-10.435,59.990,190.544,-141.498,264.768,69.000
1879.279,-44.000,2026-06-18 15:30:00.0,-0.389,59.970,208.727,-172.195,292.630,54.000
1865.259,-65.000,2026-06-18 15:45:00.0,0.251,60.030,184.581,-144.417,300.563,84.000
1871.319,-57.000,2026-06-18 16:00:00.0,0.000,59.990,198.469,-173.128,296.076,57.000
1853.078,-94.000,2026-06-18 16:15:00.0,-2.260,59.960,212.824,-208.620,229.972,56.000
1838.831,-69.000,2026-06-18 16:30:00.0,3.297,59.980,199.543,-193.565,253.253,79.000
1821.794,-55.000,2026-06-18 16:45:00.0,5.288,60.000,196.123,-193.669,306.744,81.000
1795.693,-35.000,2026-06-18 17:00:00.0,5.396,60.020,205.647,-190.518,343.577,121.000
1787.300,-54.000,2026-06-18 17:15:00.0,3.173,60.020,199.135,-208.387,315.069,122.000
1769.312,-27.000,2026-06-18 17:30:00.0,3.756,60.010,186.494,-199.972,362.283,89.000
1770.916,-64.000,2026-06-18 17:45:00.0,2.059,60.020,203.558,-204.302,350.746,70.000
1805.978,-80.000,2026-06-18 18:00:00.0,-1.829,60.030,191.736,-178.147,314.444,50.000
1850.524,-72.000,2026-06-18 18:15:00.0,1.822,60.020,192.167,-194.486,305.805,48.000
1863.160,-53.000,2026-06-18 18:30:00.0,2.165,60.040,209.720,-206.059,369.993,75.000
1878.307,-84.000,2026-06-18 18:45:00.0,1.044,60.020,202.753,-208.626,266.262,44.000
1873.257,-65.000,2026-06-18 19:00:00.0,1.053,60.020,191.186,-195.303,283.684,63.000
1854.353,-64.000,2026-06-18 19:15:00.0,3.953,60.010,197.500,-207.471,284.126,64.000
1839.303,-92.000,2026-06-18 19:30:00.0,0.000,59.990,212.801,-224.744,260.046,47.000
1814.524,-104.000,2026-06-18 19:45:00.0,0.000,59.990,212.159,-225.445,248.421,34.000
1797.504,-79.000,2026-06-18 20:00:00.0,-1.218,60.000,194.898,-195.653,256.937,62.000
1763.224,-71.000,2026-06-18 20:15:00.0,1.122,60.010,207.048,-219.609,115.119,39.000
1760.123,-59.000,2026-06-18 20:30:00.0,4.565,60.030,201.305,-210.371,174.639,48.000
1716.573,-65.000,2026-06-18 20:45:00.0,0.000,60.000,195.587,-217.975,219.958,71.000
1679.038,-86.000,2026-06-18 21:00:00.0,-1.149,59.960,196.590,-203.835,206.589,65.000
1643.301,-87.000,2026-06-18 21:15:00.0,-9.839,59.990,205.950,-209.087,231.417,64.000
1619.110,-38.000,2026-06-18 21:30:00.0,-0.142,59.970,207.772,-222.293,199.930,85.000
1579.092,-119.000,2026-06-18 21:45:00.0,3.100,60.020,201.585,-210.254,229.710,88.000
1540.483,-96.000,2026-06-18 22:00:00.0,0.000,59.980,195.726,-186.433,285.956,111.000
1483.795,-70.000,2026-06-18 22:15:00.0,0.000,60.020,198.411,-176.513,257.736,65.000
1456.619,-102.000,2026-06-18 22:30:00.0,0.000,59.990,206.896,-196.598,196.527,33.000
