demanda,regulacionAbajo,fecha,ace,frecuencia,intercambioSur,intercambioNorte,primaria,regulacionArriba
1198.283,-100.000,2026-06-22 00:00:00.0,0.000,59.980,184.592,-160.057,229.496,66.000
1188.554,-53.000,2026-06-22 00:15:00.0,-1.963,59.990,189.529,-120.725,217.532,95.000
1170.105,-35.000,2026-06-22 00:30:00.0,-0.636,59.990,196.287,-126.093,241.252,79.000
1156.285,-61.000,2026-06-22 00:45:00.0,0.000,59.990,197.162,-137.298,126.241,68.000
1144.701,-62.000,2026-06-22 01:00:00.0,5.875,60.030,176.457,-100.299,123.027,55.000
1132.452,-80.000,2026-06-22 01:15:00.0,6.024,60.020,175.722,-112.905,110.771,50.000
1130.936,-70.000,2026-06-22 01:30:00.0,2.671,59.980,181.009,-127.260,121.439,60.000
1114.785,-87.000,2026-06-22 01:45:00.0,3.990,60.020,189.762,-127.260,146.712,89.000
1111.829,-55.000,2026-06-22 02:00:00.0,0.000,59.980,179.912,-114.772,179.570,121.000
1101.702,-44.000,2026-06-22 02:15:00.0,-1.938,59.980,180.612,-118.624,188.968,87.000
1097.112,-65.000,2026-06-22 02:30:00.0,1.553,60.030,180.028,-125.392,209.418,59.000
1093.552,-43.000,2026-06-22 02:45:00.0,-1.908,59.960,183.308,-119.440,229.953,81.000
1096.816,-53.000,2026-06-22 03:00:00.0,-2.392,59.970,174.917,-102.400,219.743,71.000
1108.891,-48.000,2026-06-22 03:15:00.0,-1.403,59.990,168.404,-101.934,199.834,48.000
1117.081,-44.000,2026-06-22 03:30:00.0,11.034,60.030,181.289,-118.974,177.444,70.000
1127.391,-44.000,2026-06-22 03:45:00.0,-0.398,59.980,172.769,-99.950,177.479,82.000
1141.381,-50.000,2026-06-22 04:00:00.0,0.000,60.030,182.024,-107.769,170.962,76.000
1178.602,-79.000,2026-06-22 04:15:00.0,3.292,60.010,186.471,-124.459,111.812,77.000
1190.356,-78.000,2026-06-22 04:30:00.0,-1.551,59.970,191.711,-134.496,157.014,51.000
1230.095,-35.000,2026-06-22 04:45:00.0,-6.798,60.010,186.190,-101.466,146.783,82.000
1261.229,-71.000,2026-06-22 05:00:00.0,7.687,60.000,185.992,-130.761,152.159,46.000
1347.462,-93.000,2026-06-22 05:15:00.0,-0.552,60.020,184.219,-94.347,120.181,42.000
1349.286,-25.000,2026-06-22 05:30:00.0,10.445,60.000,203.231,-136.713,187.217,97.000
1391.853,-94.000,2026-06-22 05:45:00.0,-0.591,60.000,185.339,-106.602,163.139,74.000
1427.051,-121.000,2026-06-22 06:00:00.0,-8.220,59.990,197.815,-130.528,134.890,47.000
1517.206,-93.000,2026-06-22 06:15:00.0,27.429,60.010,184.604,-139.982,206.974,85.000
1499.333,-79.000,2026-06-22 06:30:00.0,2.630,60.020,186.238,-134.846,234.241,99.000
1472.062,-43.000,2026-06-22 06:45:00.0,3.030,60.000,185.257,-117.573,273.741,96.000
1483.600,-44.000,2026-06-22 07:00:00.0,0.000,60.000,182.175,-100.533,276.405,122.000
1545.721,-97.000,2026-06-22 07:15:00.0,-1.881,59.980,199.684,-134.613,229.949,69.000
1574.473,-87.000,2026-06-22 07:30:00.0,-2.634,59.980,210.269,-143.950,217.162,51.000
1595.580,-90.000,2026-06-22 07:45:00.0,1.618,59.990,191.933,-137.181,210.076,68.000
1605.646,-70.000,2026-06-22 08:00:00.0,4.190,60.030,212.814,-133.796,226.630,88.000
1629.792,-98.000,2026-06-22 08:15:00.0,0.000,59.970,215.859,-164.141,265.665,60.000
1663.699,-81.000,2026-06-22 08:30:00.0,-3.160,59.960,213.572,-156.204,225.167,51.000
1682.055,-83.000,2026-06-22 08:45:00.0,-6.584,60.000,187.358,-114.188,228.353,49.000
1708.891,-68.000,2026-06-22 09:00:00.0,0.000,59.980,200.558,-138.931,195.624,72.000
1719.271,-76.000,2026-06-22 09:15:00.0,0.000,60.000,222.582,-155.504,239.898,80.000
1738.712,-85.000,2026-06-22 09:30:00.0,0.000,59.990,208.051,-167.993,197.137,55.000
1755.405,-83.000,2026-06-22 09:45:00.0,1.769,60.010,197.081,-138.698,233.847,73.000
1760.501,-76.000,2026-06-22 10:00:00.0,0.000,59.990,192.447,-146.868,239.930,80.000
1786.419,-80.000,2026-06-22 10:15:00.0,2.360,60.020,198.586,-167.526,194.517,80.000
1807.048,-103.000,2026-06-22 10:30:00.0,0.092,60.010,199.916,-162.741,176.714,67.000
1823.557,-60.000,2026-06-22 10:45:00.0,1.471,60.010,184.930,-160.640,161.323,64.000
1832.667,-90.000,2026-06-22 11:00:00.0,2.500,60.010,213.712,-199.756,215.223,66.000
1868.761,-93.000,2026-06-22 11:15:00.0,4.377,60.020,185.665,-164.608,197.829,63.000
1862.434,-113.000,2026-06-22 11:30:00.0,-0.985,60.000,194.419,-162.624,178.970,43.000
1867.443,-84.000,2026-06-22 11:45:00.0,5.074,60.010,218.695,-206.758,169.053,56.000
1868.581,-100.000,2026-06-22 12:00:00.0,0.979,60.000,201.410,-210.260,168.965,40.000
1872.292,-91.000,2026-06-22 12:15:00.0,0.000,60.000,185.561,-193.337,214.472,79.000
1850.041,-57.000,2026-06-22 12:30:00.0,0.192,60.010,200.815,-198.122,352.848,99.000
1846.866,-48.000,2026-06-22 12:45:00.0,-6.413,59.990,213.700,-221.581,311.655,90.000
1841.724,-98.000,2026-06-22 13:00:00.0,10.960,59.990,197.500,-170.911,314.260,50.000
1862.855,-139.000,2026-06-22 13:15:00.0,0.668,60.010,179.946,-115.705,326.984,55.000
1871.177,-139.000,2026-06-22 13:30:00.0,-1.165,59.990,204.037,-123.642,305.470,61.000
1854.997,-55.000,2026-06-22 13:45:00.0,0.000,59.980,195.574,-142.549,291.404,84.000
1842.523,-69.000,2026-06-22 14:00:00.0,0.000,60.020,212.159,-154.104,322.086,133.000
1839.700,-114.000,2026-06-22 14:15:00.0,1.472,59.960,218.449,-170.561,206.352,42.000
1846.264,-66.000,2026-06-22 14:30:00.0,0.000,59.990,203.219,-132.512,222.276,54.000
1844.294,-65.000,2026-06-22 14:45:00.0,0.000,60.030,187.218,-110.104,226.027,55.000
1840.447,-68.000,2026-06-22 15:00:00.0,0.000,59.990,198.247,-131.462,218.382,52.000
1829.492,-59.000,2026-06-22 15:15:00.0,16.422,60.010,187.323,-130.295,201.042,63.000
1832.659,-55.000,2026-06-22 15:30:00.0,0.000,60.030,190.906,-115.939,174.930,55.000
1840.347,-63.000,2026-06-22 15:45:00.0,0.000,59.990,200.640,-140.799,154.983,53.000
1819.442,-91.000,2026-06-22 16:00:00.0,-2.522,59.970,209.860,-160.173,269.700,47.000
1824.737,-104.000,2026-06-22 16:15:00.0,0.000,59.960,208.973,-174.879,262.817,64.000
1808.289,-62.000,2026-06-22 16:30:00.0,1.364,59.970,201.153,-191.569,277.653,76.000
1791.321,-24.000,2026-06-22 16:45:00.0,0.000,60.010,191.093,-140.915,318.578,116.000
1784.044,-36.000,2026-06-22 17:00:00.0,-2.129,60.020,203.617,-167.176,368.140,220.000
1753.141,-35.000,2026-06-22 17:15:00.0,-4.784,59.960,201.830,-191.102,344.985,59.000
1757.822,-34.000,2026-06-22 17:30:00.0,6.247,59.980,202.811,-219.608,354.876,82.000
1759.900,-65.000,2026-06-22 17:45:00.0,0.658,60.010,191.105,-179.664,366.801,87.000
1791.182,-76.000,2026-06-22 18:00:00.0,-7.370,60.020,193.298,-177.329,356.738,76.000
1876.524,-107.000,2026-06-22 18:15:00.0,4.489,60.030,186.763,-176.630,264.204,45.000
1905.623,-46.000,2026-06-22 18:30:00.0,-1.852,59.990,195.505,-202.673,240.642,42.000
1911.098,-91.000,2026-06-22 18:45:00.0,0.375,59.990,188.747,-197.772,204.859,47.000
1913.772,-82.000,2026-06-22 19:00:00.0,0.000,60.020,188.432,-193.319,213.308,56.000
1892.433,-73.000,2026-06-22 19:15:00.0,2.218,59.990,201.726,-207.692,220.278,65.000
1873.615,-44.000,2026-06-22 19:30:00.0,0.000,59.990,217.866,-230.813,274.845,94.000
1851.537,-37.000,2026-06-22 19:45:00.0,1.532,60.010,193.603,-198.455,276.938,101.000
