demanda,regulacionAbajo,fecha,ace,frecuencia,intercambioSur,intercambioNorte,primaria,regulacionArriba
1297.773,-94.000,2026-06-19 00:00:00.0,0.000,60.020,200.348,-144.533,165.673,72.000
1266.641,-71.000,2026-06-19 00:15:00.0,0.000,59.990,193.893,-126.326,164.206,65.000
1251.097,-59.000,2026-06-19 00:30:00.0,0.000,59.980,204.327,-140.099,178.263,77.000
1238.365,-38.000,2026-06-19 00:45:00.0,4.471,60.020,180.250,-107.536,153.740,84.000
1220.630,-62.000,2026-06-19 01:00:00.0,-0.425,60.030,193.777,-109.520,184.224,116.000
1215.195,-54.000,2026-06-19 01:15:00.0,7.515,60.020,195.435,-116.173,187.318,91.000
1210.996,-57.000,2026-06-19 01:30:00.0,0.000,60.010,207.001,-129.477,171.588,88.000
1201.914,-55.000,2026-06-19 01:45:00.0,2.949,60.010,202.356,-137.648,176.018,90.000
1187.540,-75.000,2026-06-19 02:00:00.0,2.066,60.010,196.205,-135.430,191.165,88.000
1188.783,-86.000,2026-06-19 02:15:00.0,4.152,59.990,207.853,-161.223,179.957,77.000
1183.052,-60.000,2026-06-19 02:30:00.0,5.165,60.000,208.716,-163.091,203.618,103.000
1171.434,-54.000,2026-06-19 02:45:00.0,0.000,59.990,198.550,-145.233,210.702,109.000
1169.437,-65.000,2026-06-19 03:00:00.0,1.323,60.010,207.083,-156.322,201.039,98.000
1171.848,-55.000,2026-06-19 03:15:00.0,2.095,59.950,208.029,-192.035,220.220,82.000
1174.599,-56.000,2026-06-19 03:30:00.0,-7.224,59.990,202.520,-150.252,256.719,128.000
1193.698,-55.000,2026-06-19 03:45:00.0,1.269,59.990,201.831,-160.057,230.463,123.000
1202.787,-48.000,2026-06-19 04:00:00.0,9.421,60.020,199.251,-155.504,232.322,130.000
1238.787,-42.000,2026-06-19 04:15:00.0,0.000,60.010,218.905,-163.207,198.030,91.000
1253.971,-54.000,2026-06-19 04:30:00.0,-1.650,59.980,198.387,-141.149,190.464,142.000
1284.020,-53.000,2026-06-19 04:45:00.0,-7.519,59.990,204.993,-158.305,160.401,106.000
1317.895,-51.000,2026-06-19 05:00:00.0,-1.232,59.960,205.868,-158.889,157.724,101.000
1393.461,-91.000,2026-06-19 05:15:00.0,0.000,60.000,205.740,-160.640,155.494,64.000
1431.710,-74.000,2026-06-19 05:30:00.0,-6.200,59.990,219.559,-164.725,168.806,112.000
1456.952,-73.000,2026-06-19 05:45:00.0,0.000,59.980,200.149,-150.602,158.754,83.000
1471.522,-65.000,2026-06-19 06:00:00.0,4.504,59.990,200.756,-156.438,155.770,81.000
1548.850,-106.000,2026-06-19 06:15:00.0,0.640,59.990,208.401,-141.383,110.988,41.000
1526.794,-36.000,2026-06-19 06:30:00.0,0.000,59.970,196.182,-132.162,233.699,120.000
1508.953,-67.000,2026-06-19 06:45:00.0,-5.104,59.980,206.522,-132.979,232.007,71.000
1516.904,-60.000,2026-06-19 07:00:00.0,0.000,60.000,211.284,-144.417,234.103,78.000
1570.323,-50.000,2026-06-19 07:15:00.0,-4.119,59.970,198.562,-124.693,197.459,62.000
1610.698,-74.000,2026-06-19 07:30:00.0,0.000,60.010,214.552,-127.960,171.297,62.000
1628.114,-81.000,2026-06-19 07:45:00.0,-3.029,59.960,195.832,-111.504,154.363,55.000
1640.027,-66.000,2026-06-19 08:00:00.0,0.000,60.010,199.181,-121.307,210.892,70.000
1675.467,-65.000,2026-06-19 08:15:00.0,0.000,59.970,202.834,-127.377,152.890,77.000
1699.801,-85.000,2026-06-19 08:30:00.0,0.332,60.010,198.072,-115.006,156.520,81.000
1706.983,-86.000,2026-06-19 08:45:00.0,0.000,60.000,202.087,-118.974,180.702,80.000
1721.961,-74.000,2026-06-19 09:00:00.0,-0.069,60.010,170.575,-60.238,191.264,92.000
1741.828,-77.000,2026-06-19 09:15:00.0,-2.500,59.980,216.313,-92.247,188.466,89.000
1766.244,-38.000,2026-06-19 09:30:00.0,-0.037,59.980,195.901,-81.626,163.035,64.000
1778.307,-126.000,2026-06-19 09:45:00.0,1.429,59.980,204.760,-108.936,148.018,68.000
1797.410,-59.000,2026-06-19 10:00:00.0,-0.842,59.990,186.775,-116.173,202.759,77.000
1823.346,-56.000,2026-06-19 10:15:00.0,0.000,60.000,205.040,-172.194,152.910,74.000
1850.353,-67.000,2026-06-19 10:30:00.0,-7.595,60.000,201.913,-180.715,183.902,53.000
1880.952,-76.000,2026-06-19 10:45:00.0,0.000,60.000,199.672,-181.998,156.208,74.000
1891.075,-47.000,2026-06-19 11:00:00.0,0.385,60.030,214.225,-185.966,199.884,103.000
1897.432,-88.000,2026-06-19 11:15:00.0,-1.626,59.990,207.934,-194.370,166.454,62.000
1914.024,-88.000,2026-06-19 11:30:00.0,-2.734,59.990,197.827,-170.677,163.580,62.000
1925.463,-124.000,2026-06-19 11:45:00.0,-8.440,59.950,176.329,-137.180,107.997,58.000
1917.946,-55.000,2026-06-19 12:00:00.0,-1.209,59.990,200.103,-185.616,175.386,85.000
1910.520,-90.000,2026-06-19 12:15:00.0,-0.233,59.970,197.816,-177.329,288.067,104.000
1913.135,-69.000,2026-06-19 12:30:00.0,0.000,59.990,226.376,-212.711,340.555,71.000
1916.393,-79.000,2026-06-19 12:45:00.0,-0.323,59.990,192.995,-173.711,211.026,55.000
1918.787,-84.000,2026-06-19 13:00:00.0,-0.075,59.990,215.847,-169.160,170.181,50.000
1926.010,-91.000,2026-06-19 13:15:00.0,-5.914,59.980,195.015,-118.040,165.296,43.000
1914.923,-73.000,2026-06-19 13:30:00.0,1.471,60.030,176.538,-91.546,159.821,59.000
1909.505,-90.000,2026-06-19 13:45:00.0,0.922,60.000,201.328,-135.897,140.582,42.000
1897.298,-43.000,2026-06-19 14:00:00.0,0.000,60.020,190.929,-99.716,164.658,59.000
1899.876,-81.000,2026-06-19 14:15:00.0,0.000,59.970,194.980,-135.080,129.938,33.000
1901.453,-58.000,2026-06-19 14:30:00.0,5.887,60.000,202.822,-132.045,182.982,56.000
1900.340,-56.000,2026-06-19 14:45:00.0,9.129,60.020,201.422,-128.311,210.701,84.000
1874.596,-58.000,2026-06-19 15:00:00.0,1.091,60.020,202.356,-167.759,195.133,58.000
1857.505,-46.000,2026-06-19 15:15:00.0,2.075,60.050,197.570,-145.817,201.338,70.000
1866.744,-48.000,2026-06-19 15:30:00.0,-5.459,59.970,203.453,-166.476,199.465,70.000
1868.680,-44.000,2026-06-19 15:45:00.0,0.000,60.020,172.384,-131.928,161.694,62.000
1845.410,-71.000,2026-06-19 16:00:00.0,4.521,60.010,197.267,-164.842,180.995,79.000
1845.561,-57.000,2026-06-19 16:15:00.0,7.047,60.010,193.181,-159.472,173.033,69.000
1858.439,-56.000,2026-06-19 16:30:00.0,0.000,59.980,234.942,-201.839,244.174,78.000
1826.831,-58.000,2026-06-19 16:45:00.0,1.233,60.020,206.919,-188.067,264.283,54.000
1806.605,-42.000,2026-06-19 17:00:00.0,-0.798,59.990,210.841,-185.967,216.298,54.000
1797.663,-95.000,2026-06-19 17:15:00.0,12.948,60.010,199.671,-199.855,205.703,75.000
1773.135,-51.000,2026-06-19 17:30:00.0,12.097,59.990,193.765,-201.384,327.944,85.000
1784.139,-45.000,2026-06-19 17:45:00.0,2.273,60.020,204.107,-180.947,385.908,59.000
1811.278,-91.000,2026-06-19 18:00:00.0,-1.374,60.000,194.991,-179.080,338.174,57.000
1864.955,-58.000,2026-06-19 18:15:00.0,2.967,60.030,197.980,-190.868,272.171,44.000
1873.307,-81.000,2026-06-19 18:30:00.0,-0.003,59.970,209.439,-223.226,238.138,49.000
1862.324,-50.000,2026-06-19 18:45:00.0,7.295,59.990,200.417,-221.826,263.485,80.000
1854.508,-65.000,2026-06-19 19:00:00.0,1.849,60.010,194.384,-204.885,278.909,65.000
1830.502,-55.000,2026-06-19 19:15:00.0,-6.538,59.990,206.358,-212.956,300.021,75.000
1833.774,-49.000,2026-06-19 19:30:00.0,0.000,59.990,185.211,-203.951,310.836,71.000
1808.844,-54.000,2026-06-19 19:45:00.0,-7.107,59.970,191.945,-191.686,348.522,66.000
1777.181,-40.000,2026-06-19 20:00:00.0,1.317,59.990,197.956,-213.306,349.337,106.000
1768.865,-49.000,2026-06-19 20:15:00.0,-2.834,59.960,194.898,-199.283,184.831,71.000
1743.061,-86.000,2026-06-19 20:30:00.0,0.011,59.980,196.893,-211.789,155.592,34.000
1738.441,-67.000,2026-06-19 20:45:00.0,3.314,59.990,195.948,-213.189,173.357,53.000
1711.617,-51.000,2026-06-19 21:00:00.0,0.000,59.980,194.512,-193.669,218.513,69.000
1673.981,-53.000,2026-06-19 21:15:00.0,2.488,60.030,191.034,-180.014,213.075,67.000
1644.762,-70.000,2026-06-19 21:30:00.0,-1.275,59.990,193.019,-178.380,263.849,170.000
1595.688,-149.000,2026-06-19 21:45:00.0,0.000,60.030,206.300,-184.916,239.640,75.000
