demanda,regulacionAbajo,fecha,ace,frecuencia,intercambioSur,intercambioNorte,primaria,regulacionArriba
1342.899,-41.000,2026-06-20 00:00:00.0,0.525,60.020,194.478,-160.290,235.561,51.000
1321.255,-78.000,2026-06-20 00:15:00.0,1.405,60.020,201.655,-136.947,140.538,44.000
1297.606,-81.000,2026-06-20 00:30:00.0,-2.178,59.970,203.441,-138.348,91.164,31.000
1278.565,-51.000,2026-06-20 00:45:00.0,8.322,60.000,203.475,-151.303,121.359,71.000
1265.768,-40.000,2026-06-20 01:00:00.0,0.000,59.980,208.331,-148.735,159.117,38.000
1255.612,-57.000,2026-06-20 01:15:00.0,-2.755,59.970,205.916,-143.716,122.031,47.000
1247.288,-49.000,2026-06-20 01:30:00.0,4.981,60.010,195.784,-138.931,129.039,55.000
1229.997,-69.000,2026-06-20 01:45:00.0,-0.075,59.990,203.873,-145.700,153.095,51.000
1214.894,-63.000,2026-06-20 02:00:00.0,3.404,60.030,195.410,-122.942,159.009,57.000
1194.912,-35.000,2026-06-20 02:15:00.0,-2.703,59.970,200.920,-131.462,176.310,73.000
1194.667,-66.000,2026-06-20 02:30:00.0,0.000,59.970,203.452,-136.130,140.416,66.000
1190.131,-59.000,2026-06-20 02:45:00.0,7.496,60.030,186.857,-118.507,147.874,73.000
1180.240,-70.000,2026-06-20 03:00:00.0,0.000,60.020,186.051,-113.254,202.243,80.000
1190.152,-115.000,2026-06-20 03:15:00.0,1.370,60.000,203.698,-147.685,107.940,47.000
1192.919,-75.000,2026-06-20 03:30:00.0,0.000,59.970,203.161,-136.713,159.883,63.000
1183.239,-73.000,2026-06-20 03:45:00.0,-1.507,59.990,200.722,-142.432,158.418,65.000
1178.571,-49.000,2026-06-20 04:00:00.0,0.000,60.020,198.632,-129.011,197.673,128.000
1188.660,-72.000,2026-06-20 04:15:00.0,-6.345,59.970,206.557,-150.253,132.795,58.000
1221.149,-64.000,2026-06-20 04:30:00.0,-0.530,59.960,198.410,-139.164,130.159,68.000
1224.247,-76.000,2026-06-20 04:45:00.0,-0.021,60.010,201.573,-137.297,174.444,90.000
1245.648,-63.000,2026-06-20 05:00:00.0,2.313,60.020,196.706,-124.926,157.577,75.000
1223.034,-33.000,2026-06-20 05:15:00.0,-4.627,59.970,227.775,-132.746,195.803,125.000
1205.349,-43.000,2026-06-20 05:30:00.0,0.754,60.000,202.623,-125.626,197.002,80.000
1212.198,-76.000,2026-06-20 05:45:00.0,0.000,60.020,201.912,-95.165,213.138,94.000
1241.041,-59.000,2026-06-20 06:00:00.0,-0.047,60.030,193.766,-99.716,189.438,73.000
1290.393,-65.000,2026-06-20 06:15:00.0,-0.344,60.000,197.232,-86.178,175.880,67.000
1329.080,-73.000,2026-06-20 06:30:00.0,0.000,60.000,196.111,-89.562,122.886,61.000
1381.185,-59.000,2026-06-20 06:45:00.0,0.000,60.030,194.010,-81.848,110.729,45.000
1412.956,-78.000,2026-06-20 07:00:00.0,4.866,60.030,196.905,-85.711,76.171,42.000
1452.523,-89.000,2026-06-20 07:15:00.0,0.000,59.980,211.202,-96.565,70.604,46.000
1490.010,-54.000,2026-06-20 07:30:00.0,0.000,59.990,176.691,-56.387,133.041,82.000
1510.456,-41.000,2026-06-20 07:45:00.0,0.000,60.000,206.242,-89.095,152.423,111.000
1527.053,-56.000,2026-06-20 08:00:00.0,0.000,60.000,199.578,-103.684,157.735,47.000
1577.352,-85.000,2026-06-20 08:15:00.0,0.103,59.980,210.070,-126.910,130.839,49.000
1607.447,-77.000,2026-06-20 08:30:00.0,-0.367,59.970,192.202,-106.485,175.496,47.000
1627.200,-68.000,2026-06-20 08:45:00.0,0.000,59.990,208.892,-128.544,164.274,46.000
1644.042,-64.000,2026-06-20 09:00:00.0,0.289,60.030,200.208,-101.116,171.295,50.000
1671.727,-85.000,2026-06-20 09:15:00.0,0.000,59.990,221.263,-127.494,200.019,57.000
1693.007,-76.000,2026-06-20 09:30:00.0,-0.158,60.020,184.580,-81.742,200.826,46.000
1692.392,-81.000,2026-06-20 09:45:00.0,0.000,60.010,204.946,-122.475,200.083,83.000
1692.460,-69.000,2026-06-20 10:00:00.0,0.199,59.990,184.009,-136.481,239.280,97.000
1751.578,-68.000,2026-06-20 10:15:00.0,-3.489,60.020,216.232,-156.788,204.483,72.000
1756.249,-61.000,2026-06-20 10:30:00.0,0.000,60.010,190.975,-153.171,170.071,55.000
1781.997,-85.000,2026-06-20 10:45:00.0,3.334,60.010,203.032,-170.327,163.330,75.000
1774.236,-67.000,2026-06-20 11:00:00.0,-1.955,59.970,201.831,-174.062,174.086,63.000
1807.928,-53.000,2026-06-20 11:15:00.0,0.000,59.980,195.773,-147.218,201.138,77.000
1828.862,-68.000,2026-06-20 11:30:00.0,0.000,59.960,201.515,-178.380,188.600,62.000
1828.574,-102.000,2026-06-20 11:45:00.0,0.000,60.010,210.864,-177.213,162.902,44.000
1840.854,-88.000,2026-06-20 12:00:00.0,1.483,60.010,190.241,-156.672,119.808,34.000
1835.858,-67.000,2026-06-20 12:15:00.0,2.871,59.980,201.632,-191.451,164.668,66.000
1835.286,-48.000,2026-06-20 12:30:00.0,-2.161,59.950,202.869,-176.513,236.730,82.000
1832.420,-107.000,2026-06-20 12:45:00.0,2.139,60.010,183.297,-145.817,95.729,47.000
1807.600,-93.000,2026-06-20 13:00:00.0,2.814,60.030,191.279,-126.443,148.586,49.000
1815.477,-76.000,2026-06-20 13:15:00.0,9.304,60.000,189.996,-109.986,126.008,46.000
1807.709,-70.000,2026-06-20 13:30:00.0,1.821,60.030,201.538,-130.644,156.599,46.000
1782.511,-76.000,2026-06-20 13:45:00.0,5.471,60.000,204.608,-144.767,147.920,68.000
1777.523,-62.000,2026-06-20 14:00:00.0,5.188,60.030,192.809,-108.003,162.024,82.000
1778.171,-47.000,2026-06-20 14:15:00.0,4.925,60.030,183.682,-102.750,184.705,97.000
1770.595,-68.000,2026-06-20 14:30:00.0,-0.362,59.980,193.251,-112.088,165.126,76.000
1761.008,-55.000,2026-06-20 14:45:00.0,2.581,60.030,197.232,-134.613,177.126,89.000
1772.621,-53.000,2026-06-20 15:00:00.0,-1.361,60.010,200.488,-120.958,202.716,73.000
1757.434,-62.000,2026-06-20 15:15:00.0,0.000,60.000,199.368,-123.992,184.504,44.000
1742.909,-61.000,2026-06-20 15:30:00.0,1.907,60.000,203.428,-144.767,188.585,75.000
1729.137,-51.000,2026-06-20 15:45:00.0,0.000,59.980,199.508,-139.749,199.728,85.000
1720.249,-40.000,2026-06-20 16:00:00.0,0.056,60.000,196.450,-134.146,209.378,96.000
1722.804,-85.000,2026-06-20 16:15:00.0,-8.441,59.970,190.615,-117.457,219.791,75.000
1713.688,-61.000,2026-06-20 16:30:00.0,0.000,59.990,203.547,-129.595,245.044,99.000
1696.505,-40.000,2026-06-20 16:45:00.0,7.855,60.010,199.134,-133.330,267.165,120.000
1695.468,-64.000,2026-06-20 17:00:00.0,-5.432,59.980,207.281,-169.393,293.811,74.000
1659.738,-58.000,2026-06-20 17:15:00.0,1.666,59.990,203.266,-225.678,312.733,50.000
1685.854,-21.000,2026-06-20 17:30:00.0,15.097,60.010,178.804,-183.282,347.504,67.000
1694.760,-31.000,2026-06-20 17:45:00.0,-1.964,59.970,213.104,-209.338,420.000,106.000
1732.776,-83.000,2026-06-20 18:00:00.0,1.101,60.030,186.914,-185.033,273.503,71.000
1754.273,-83.000,2026-06-20 18:15:00.0,-10.016,59.980,206.673,-209.093,232.014,45.000
1789.012,-62.000,2026-06-20 18:30:00.0,3.297,60.020,206.405,-221.359,231.466,74.000
1785.995,-45.000,2026-06-20 18:45:00.0,3.950,60.040,186.238,-194.971,287.126,90.000
1780.514,-43.000,2026-06-20 19:00:00.0,3.592,60.020,189.389,-189.584,281.420,92.000
1760.932,-69.000,2026-06-20 19:15:00.0,-2.076,59.960,203.745,-217.041,255.147,66.000
1746.878,-45.000,2026-06-20 19:30:00.0,0.000,60.010,179.246,-176.979,302.163,98.000
1738.339,-39.000,2026-06-20 19:45:00.0,-0.429,60.020,197.419,-180.597,273.938,89.000
1706.767,-38.000,2026-06-20 20:00:00.0,-0.272,60.030,193.672,-183.982,323.570,135.000
1685.854,-45.000,2026-06-20 20:15:00.0,0.000,60.040,200.407,-191.219,236.694,99.000
1681.168,-61.000,2026-06-20 20:30:00.0,2.281,60.000,195.329,-204.658,200.492,65.000
1650.856,-111.000,2026-06-20 20:45:00.0,-2.268,59.980,199.239,-203.958,159.274,99.000
1620.874,-69.000,2026-06-20 21:00:00.0,0.000,59.980,204.748,-215.057,203.778,141.000
1586.952,-60.000,2026-06-20 21:15:00.0,5.524,59.990,187.428,-201.256,235.370,138.000
1562.504,-77.000,2026-06-20 21:30:00.0,0.107,59.980,213.875,-220.192,191.915,61.000
1529.373,-103.000,2026-06-20 21:45:00.0,0.791,60.000,205.379,-206.059,214.460,105.000
1502.976,-83.000,2026-06-20 22:00:00.0,0.000,59.970,206.441,-198.921,240.192,126.000
1480.094,-110.000,2026-06-20 22:15:00.0,0.000,60.020,201.551,-169.860,193.909,70.000
1444.427,-103.000,2026-06-20 22:30:00.0,-18.685,59.970,206.324,-163.675,198.818,77.000
1432.778,-66.000,2026-06-20 22:45:00.0,0.599,60.010,198.760,-179.897,126.598,50.000
