demanda,regulacionAbajo,fecha,ace,frecuencia,intercambioSur,intercambioNorte,primaria,regulacionArriba
1293.731,-78.000,2026-06-21 00:00:00.0,3.509,60.020,191.676,-178.147,125.971,44.000
1265.998,-66.000,2026-06-21 00:15:00.0,0.000,60.000,190.836,-194.719,137.664,56.000
1247.208,-51.000,2026-06-21 00:30:00.0,6.008,60.030,181.103,-205.008,151.960,71.000
1228.507,-69.000,2026-06-21 00:45:00.0,0.660,60.030,175.500,-184.449,176.024,97.000
1208.717,-89.000,2026-06-21 01:00:00.0,0.000,60.030,178.814,-185.149,197.088,123.000
1205.293,-101.000,2026-06-21 01:15:00.0,0.283,60.050,186.086,-184.333,187.824,111.000
1187.988,-132.000,2026-06-21 01:30:00.0,0.000,59.960,190.218,-205.124,140.780,80.000
1181.108,-113.000,2026-06-21 01:45:00.0,-3.250,59.980,189.611,-192.152,165.258,99.000
1166.960,-118.000,2026-06-21 02:00:00.0,2.055,60.010,194.431,-207.108,168.338,94.000
1147.556,-106.000,2026-06-21 02:15:00.0,0.194,60.030,180.822,-176.862,186.181,106.000
1152.088,-126.000,2026-06-21 02:30:00.0,8.132,60.010,181.055,-189.817,179.398,86.000
1147.978,-102.000,2026-06-21 02:45:00.0,0.000,60.030,189.880,-188.301,202.027,110.000
1136.065,-80.000,2026-06-21 03:00:00.0,-2.780,59.990,176.224,-179.898,197.592,104.000
1136.101,-112.000,2026-06-21 03:15:00.0,4.517,60.000,186.915,-203.841,163.207,72.000
1122.604,-112.000,2026-06-21 03:30:00.0,0.000,59.990,191.595,-189.468,161.277,72.000
1126.263,-98.000,2026-06-21 03:45:00.0,2.868,60.020,187.077,-189.701,176.389,86.000
1124.751,-62.000,2026-06-21 04:00:00.0,0.000,59.990,193.112,-181.415,253.422,150.000
1135.107,-73.000,2026-06-21 04:15:00.0,2.040,60.030,200.873,-182.582,243.270,139.000
1125.130,-71.000,2026-06-21 04:30:00.0,-0.688,60.010,202.775,-163.208,244.296,142.000
1130.156,-98.000,2026-06-21 04:45:00.0,0.286,60.040,195.971,-155.271,245.800,96.000
1121.332,-113.000,2026-06-21 05:00:00.0,12.642,59.990,209.895,-177.913,235.185,35.000
1100.000,-63.000,2026-06-21 05:15:00.0,5.896,60.020,197.383,-145.467,292.081,63.000
1067.006,-58.000,2026-06-21 05:30:00.0,-9.437,59.970,206.417,-155.854,329.133,45.000
1079.263,-43.000,2026-06-21 05:45:00.0,0.000,59.980,200.418,-144.417,325.192,68.000
1088.086,-89.000,2026-06-21 06:00:00.0,0.799,59.990,196.065,-138.698,195.459,75.000
1119.918,-81.000,2026-06-21 06:15:00.0,0.000,59.990,200.966,-139.515,165.606,75.000
1148.115,-48.000,2026-06-21 06:30:00.0,0.000,60.030,196.356,-114.655,165.142,62.000
1163.464,-92.000,2026-06-21 06:45:00.0,0.000,60.020,197.663,-121.541,146.367,46.000
1204.240,-47.000,2026-06-21 07:00:00.0,1.861,59.990,205.367,-150.719,197.373,96.000
1255.131,-66.000,2026-06-21 07:15:00.0,0.092,60.010,182.362,-118.740,258.369,74.000
1299.389,-50.000,2026-06-21 07:30:00.0,1.267,60.000,185.036,-136.480,193.653,82.000
1343.388,-72.000,2026-06-21 07:45:00.0,-0.607,60.020,185.269,-101.455,191.539,81.000
1365.780,-57.000,2026-06-21 08:00:00.0,0.000,60.030,182.047,-84.182,167.994,63.000
1417.137,-69.000,2026-06-21 08:15:00.0,11.079,60.020,169.759,-85.944,139.729,49.000
1445.748,-40.000,2026-06-21 08:30:00.0,0.000,59.960,187.067,-121.891,227.932,92.000
1460.424,-75.000,2026-06-21 08:45:00.0,0.000,60.000,175.102,-93.647,209.242,45.000
1485.898,-108.000,2026-06-21 09:00:00.0,0.769,60.030,180.472,-100.533,152.189,58.000
1514.191,-52.000,2026-06-21 09:15:00.0,5.644,60.020,179.596,-102.050,195.059,86.000
1533.452,-100.000,2026-06-21 09:30:00.0,0.000,59.970,173.609,-100.650,167.823,58.000
1555.461,-70.000,2026-06-21 09:45:00.0,0.000,60.000,177.857,-95.631,199.227,66.000
1547.604,-97.000,2026-06-21 10:00:00.0,2.849,60.060,167.751,-95.865,253.420,61.000
1578.987,-86.000,2026-06-21 10:15:00.0,-2.440,59.960,203.032,-180.831,222.269,46.000
1596.169,-66.000,2026-06-21 10:30:00.0,0.000,60.030,201.224,-175.929,206.292,46.000
1609.057,-86.000,2026-06-21 10:45:00.0,0.000,59.970,202.344,-189.234,181.501,70.000
1630.169,-69.000,2026-06-21 11:00:00.0,1.944,60.010,193.683,-171.028,220.241,63.000
1638.207,-68.000,2026-06-21 11:15:00.0,0.000,60.010,204.760,-197.533,290.497,66.000
1630.212,-39.000,2026-06-21 11:30:00.0,0.000,59.990,198.317,-186.316,308.875,75.000
1649.173,-56.000,2026-06-21 11:45:00.0,-0.055,60.030,190.287,-163.441,282.607,64.000
1654.908,-64.000,2026-06-21 12:00:00.0,3.083,60.020,199.274,-175.579,274.411,56.000
1659.942,-77.000,2026-06-21 12:15:00.0,1.141,60.010,209.218,-193.448,258.924,63.000
1643.111,-70.000,2026-06-21 12:30:00.0,-0.191,59.980,197.126,-184.228,263.290,50.000
1631.439,-87.000,2026-06-21 12:45:00.0,-0.678,59.970,199.064,-187.379,157.946,43.000
1608.287,-62.000,2026-06-21 13:00:00.0,0.962,60.020,195.084,-133.096,216.467,98.000
1603.887,-63.000,2026-06-21 13:15:00.0,0.000,60.030,211.622,-120.958,262.358,69.000
1598.703,-54.000,2026-06-21 13:30:00.0,4.756,60.030,204.492,-108.819,263.016,78.000
1573.083,-44.000,2026-06-21 13:45:00.0,12.443,60.020,206.697,-127.027,266.872,118.000
1559.923,-90.000,2026-06-21 14:00:00.0,-1.193,59.980,209.393,-116.055,269.556,110.000
1546.667,-49.000,2026-06-21 14:15:00.0,0.000,60.020,199.286,-103.101,234.608,79.000
1542.497,-81.000,2026-06-21 14:30:00.0,2.572,59.990,201.935,-121.892,217.849,69.000
1546.581,-87.000,2026-06-21 14:45:00.0,-1.589,59.980,190.369,-114.422,201.338,43.000
1530.889,-51.000,2026-06-21 15:00:00.0,8.179,60.020,192.821,-110.921,250.506,79.000
1524.586,-50.000,2026-06-21 15:15:00.0,0.712,59.980,206.989,-123.992,249.756,60.000
1521.613,-43.000,2026-06-21 15:30:00.0,-2.492,59.960,207.152,-116.639,264.336,67.000
1517.460,-42.000,2026-06-21 15:45:00.0,0.000,60.010,196.870,-105.318,281.195,90.000
1519.715,-45.000,2026-06-21 16:00:00.0,0.528,60.010,191.349,-108.353,237.554,47.000
1512.782,-46.000,2026-06-21 16:15:00.0,4.800,59.990,197.301,-122.591,243.198,40.000
1506.173,-41.000,2026-06-21 16:30:00.0,16.427,60.000,200.197,-115.822,263.141,69.000
1490.317,-53.000,2026-06-21 16:45:00.0,0.000,60.000,193.719,-111.387,277.505,79.000
1503.730,-56.000,2026-06-21 17:00:00.0,-5.386,60.010,208.320,-138.114,277.935,76.000
1519.546,-69.000,2026-06-21 17:15:00.0,0.237,59.970,188.047,-149.668,233.494,41.000
1528.095,-22.000,2026-06-21 17:30:00.0,4.108,60.010,199.729,-173.361,259.684,134.000
1542.822,-55.000,2026-06-21 17:45:00.0,0.364,60.020,207.713,-171.961,269.027,83.000
1579.437,-86.000,2026-06-21 18:00:00.0,3.183,60.040,187.463,-165.776,219.258,52.000
1624.296,-81.000,2026-06-21 18:15:00.0,-0.510,60.000,192.983,-194.953,162.910,39.000
1641.567,-56.000,2026-06-21 18:30:00.0,0.000,60.000,200.091,-214.356,143.807,48.000
1638.984,-52.000,2026-06-21 18:45:00.0,0.000,59.980,194.792,-206.286,153.464,50.000
1652.528,-46.000,2026-06-21 19:00:00.0,-0.599,59.980,205.857,-211.672,163.703,40.000
1634.504,-36.000,2026-06-21 19:15:00.0,0.000,59.980,207.024,-211.672,204.959,50.000
1621.340,-68.000,2026-06-21 19:30:00.0,0.000,60.010,198.235,-208.620,224.286,42.000
1608.902,-61.000,2026-06-21 19:45:00.0,0.000,60.000,207.164,-211.556,229.091,49.000
1600.909,-58.000,2026-06-21 20:00:00.0,0.000,60.000,204.725,-200.684,262.370,52.000
1582.537,-57.000,2026-06-21 20:15:00.0,0.000,59.990,204.830,-207.686,235.784,93.000
1571.959,-64.000,2026-06-21 20:30:00.0,0.000,60.000,194.559,-198.805,254.192,90.000
1533.922,-40.000,2026-06-21 20:45:00.0,4.399,59.990,205.378,-215.407,296.618,114.000
1516.656,-62.000,2026-06-21 21:00:00.0,0.000,59.990,205.122,-197.287,292.693,114.000
